SELECT DISTINCT annee FROM livre; 
annee
2020
1999
2000
2017
2013
2016
2015
2012
2014
2008
2018
1933
2011
1990
2019
1980
2010
2007
1983
2005
1988
2009
1997
1993
2003
1998
1972
1974
1978
1992
1995
1979
1971
1994
2002
1959
1967
2004


SELECT DISTINCT annee FROM livre ORDER BY annee ASC; 
annee
1933
1959
1967
1971
1972
1974
1978
1979
1980
1983
1988
1990
1992
1993
1994
1995
1997
1998
1999
2000
2002
2003
2004
2005
2007
2008
2009
2010
2011
2012
2013
2014
2015
2016
2017
2018
2019
2020


SELECT DISTINCT annee FROM livre ORDER BY annee DESC; 
annee
2020
2019
2018
2017
2016
2015
2014
2013
2012
2011
2010
2009
2008
2007
2005
2004
2003
2002
2000
1999
1998
1997
1995
1994
1993
1992
1990
1988
1983
1980
1979
1978
1974
1972
1971
1967
1959
1933